0.8979342564322925
0.34532624277220203
0.9240925196080596
0.681510756327482
0.3821762648002303
0.6852228391738066
0.7974186200217481
0.27579083024540474
0.35364047692551986
1.0984468321230176
0.3454332867709855
1.315586002360452
0.9961534457805317
0.5792269769207907
1.2343806530996273
0.6032729411030453
1.324656085480295
0.9808569550650215
1.3259118842001407
1.1711733794380392
1.1723722661823759
1.6475819717068467
1.6489640886568644
1.3914187404011487
1.628795988521952
1.4314278066498214
0.9560294010020168
1.2696542100313541
1.2448420677900747
0.9453332921965248
0.9334284318431796
1.4679585270745021
1.5943576580036254
1.328751990694173
1.234878278517291
0.9888528415945811
1.3998555272076865
1.036324763384704
1.9562872710816905
1.1695870752653905
0.9950575973417839
1.8884831454874123
1.6923311692800689
1.0606278984608102
1.904207839799943
1.152442131102035
1.711213023847332
1.9634344916829625
1.6995027540575323
1.173232287995623
1.2767930092189923
1.8028894892201102
1.8825745329767185
1.206559610693129
1.7519425189651994
1.1051851794215848
1.1900178433289272
1.7027420248509832
1.2492497673292058
1.361854617872484
1.2930355537590257
1.4139287528015987
1.700323245120428
1.3552935002258417
1.1813547162146163
1.536399062875446
1.0705063524918206
1.3126158262105507
1.0970154280720177
1.6310077216260237
1.423057550350825
0.8992478557496641
0.9654916982346428
0.8325348803472161
0.9101422827056848
1.4936733159194824
1.1203378301607203
1.092867535092217
0.592404976850256
0.8795689945227767
0.5511836980432949
0.5982574365115803
0.5451981824752306
1.2114729945658205
1.0408879060419884
0.8361949937521926
1.0433312381742943
1.0555826710364857
0.9948054884888041
0.577983306669978
0.11537518227985882
0.2497102400298656
0.3494034549256604
0.14474216081527186
0.197865730428601
0.2254205274862109
0.6067862770530312
0.5261408678528746
0.4865144785806377
0.0990432197168355
0.30976599138289385
0.6467373526401107
0.08653492225831666
-0.0288090695833369
0.24088969228713897
-0.1460977342705947
-0.12457993483127433
-0.46013622950228417
0.36600715884986357
0.1441010539987625
0.0056201104345697805
-0.12147080345679895
0.04335559775114972
-0.4244860115355211
0.14794514393479186
-0.4733447402555149
0.09096643716279573
-0.3568722239701726
-0.762270934249286
-0.6449333929340242
0.02508497748228211
-0.7244399065960654
-0.4481147289037064
-0.8296355322858853
-0.06350454129565763
-0.9147323854638126
-0.43748598532308647
-0.2881121003271103
-0.799587000231919
-0.7199554463848802
-0.36007979601586215
-0.9090007957920045
-0.808319526909247
-0.8384803248268454
-0.41829993693906764
-0.15305803583674182
-0.4099721805284201
-0.009143243816559954
-0.3859770860323293
-0.02555641209564896
-0.32239669726718434
-0.9235984677751395
-0.7499285249849046
-0.48347060962659516
-0.7030591481445204
-0.04932781567669908
-0.9413802889950651
-0.1614824353314851
-0.23828365651764316
-0.5278902272331697
0.09155011964379522
-0.11215515206521365
-0.5049155516507113
-0.6678636784102885
-0.8048586491081722
-0.7901759798549023
-0.6215419407375719
0.1246141368975423
0.14729208701451035
-0.4029132200074095
-0.625485478536588
0.13867081108045776
0.05126094585799179
0.25649622277817785
-0.19614266131173796
0.07828990610959663
-0.49970067080953484
-0.10205216663249794
-0.3523360151884307
0.16941319820160716
0.037536957157064954
-0.1942538818676356
0.46511225081278534
0.5420440702847751
0.07684022611156444
0.1740688924119359
-0.18468983376349937
0.6908093799018664
-0.08993196792154717
0.5596432399078513
0.009023985427553768
0.2987664716974433
0.7574689846001882
0.448779267881834
0.7631497046294875
0.7611033710704881
0.6018475462848326
0.6619416281784458
1.06773467981119
0.3109680194979417
0.8252458916167149
0.6515684762166416
1.203389781897135
0.7617074629302236
0.5979752049545206
0.5883339864979417
1.3979375719476457
0.9242987360391254
0.5537693654949161
1.2839849962784404
0.7201058537365733
1.4741976105710508
0.9291499251105312
1.2824013033617256
1.6030138266582972
1.3737448477253862
0.9228263400715507
1.5879649352535588
0.8505412837001622
1.7908237721531433
1.6488788189195769
1.3629939930565844
1.189623749713022
1.6095617513000238
1.1251086103289085
1.0601446129371148
1.919176526921209
1.7607796049822837
1.0647208163496455
1.1133888444993156
1.1662121857779533
1.663860823327739
1.7394490992332634
1.3747450184015466
1.968233209968302
1.5166626847827085
1.2348066172408354
1.4765742421015606
1.2568392182570074
1.9591917944832793
1.731377285391701
1.531357408040066
0.9915106343369698
1.249989462965146
1.3002866345089128
1.113544519095231
1.5481095948530443
1.1541746103586676
1.1298594384983716
1.6584485227691
1.0656914259447539
1.6312855795643277
1.2045083948375974
1.7274442072609788
1.3593256956855313
1.1252410368442012
0.9032219159812633
0.876791536615147
1.446893609262872
1.126180563542996
0.9656524713427287
1.6189526986239424
1.3529575195763597
0.7302806886329122
0.6313144246576922
1.4115977735406253
1.2383221804673448
0.615466748733973
0.6087171495573698
1.331654678790694
0.9825913187425324
1.2424309751729186
0.424748821484438
0.6523918060280434
0.7373308412264225
0.5327535026677366
0.6434176583048857
0.5057653301239817
0.5754297108634944
1.1143027636811356
0.18714565131137845
0.6368891732538697
0.1883349496073739
0.9821598639020355
0.6452181668717192
0.788009073254441
-0.0951349030936445
0.790585831318134
-0.018911851069676827
-0.11565397466758742
0.4535063905293625
0.049372698119752756
0.19370711330017404
0.5932082069210585
0.6039822156759824
-0.16443251285973576
-0.33719949511464137
0.0299799410485469
-0.3972375050051917
0.2974299963830018
0.2544557006809768
-0.39734551564538456
-0.03734442678989347
-0.22734275545623417
-0.25887296019479766
-0.507697585503586
-0.3497690447555839
-0.359186954065874
-0.28117009746921484
-0.6507757611377529
-0.29725215032850527
-0.060313191344037675
-0.47663233756207957
-0.8005480974160394
-0.6754827964086423
-0.25857130055558974
-0.7375529832152758
-0.6140336488546009
-0.02670075522389681
-0.8002145839455778
-0.24138535051592913
-0.3575019716723279
-0.22117413589717094
-0.3555540294189641
-0.46922766438625063
-0.47770286338175616
-0.1879330312850399
-0.71546111167826
-0.09336881318367174
-0.37039463294592057
-0.23375658026648616
-0.34406581480801146
-0.402927226748374
-0.7738453224820651
-0.7138658828677424
-0.6340764467039798
-0.5458835174745494
-0.18425869556628982
-0.4323162293547075
-0.710008654774397
-0.19134030086276277
0.04058639762608762
-0.2013970367324558
-0.4727165580172976
-0.0017669236565743818
-0.01461105510131111
-0.21834720479663017
0.032538179442317294
-0.2659712904256586
0.008423601195648667
-0.3749918235398003
-0.17990273447800564
-0.16046986066585545
-0.02176434155496554
0.027868025259846108
-0.04636675673318302
-0.24877637666822805
0.32305542354640904
0.010876339078929709
-0.18149344799419775
0.07849342571692525
0.24746876632269071
0.20683661145169346
0.2961756815544109
0.5692032837019698
0.3604764316326034
0.7194417242784614
0.22422534613398015
0.3898966079228504
-0.019973424310710725
0.3498877482592768
0.393822721837501
0.6161580034986827
0.18922609232977444
0.9179297052716909
0.18878701453118693
0.4962794268460216
0.6672878156531761
0.6908926938789317
0.29109236696721846
0.7089194959656713
0.3735727075625708
0.8551465746454066
1.249493566191231
0.5619257061544772
0.7462961083213805
1.2471239748783853
0.5953539285898519
0.995275023557225
0.7283407463913876
0.8588593283343735
1.0416533092519127
1.0151297019168344
0.7897267381225959
1.4805705581553918
1.3563939119435982
0.8868364043520731
1.1453472525786315
1.6230190292507096
0.9912675192742615
1.7577343383412543
1.2166513821620357
1.1630076192401013
1.6392621653085864
1.1650421346552209
1.5858468038814346
1.4264343653105942
1.8301060002437337
1.6196062777940539
1.0664344103163086
1.2517502702604388
1.3509783062246736
1.473715888623545
1.3279654242049852
1.547555130795498
1.6695595331829454
1.8380664180397779
1.5037009314165646
1.7657622269826883
1.1481539035545802
1.6766253429450946
1.2367318236588623
1.5995965064997286
1.3126776868463104
1.92544739383992
1.9595712245647456
1.5808938645284796
1.7109072376034873
0.96954320975665
1.0952112246127692
1.5773772492130684
0.9761284116390362
1.1565584398370337
1.3174698369068294
1.706093476552369
1.3901630971799916
1.5646135179230278
1.378643781519926
1.0902174188894942
1.7674458205851238
0.8224353684559438
0.8412604938942397
1.3905542470010213
1.3950850431978155
1.0204289022005366
1.5579637460054205
1.0873837078547464
1.3380268036811331
1.2443415278499121
0.9133676687378943
0.6988766845604544
0.7060956237090046
1.1980642452489767
1.3444456833730565
0.7195698267417922
0.3448834132363168
0.7573293830056953
1.1523238864507197
0.43269517241865924
1.152787160445658
0.9313548385387278
0.38231545243887466
1.035622710453073
0.1417642331321319
0.3397503491895356
0.9140310673500613
0.4253012385596908
0.46896093065490035
0.5764120578568496
0.17831300032343672
0.380486063537565
-0.17411520875353115
-0.0053259205977415625
0.27111729430153647
0.06420811729176623
-0.0031019638633586477
-0.009548921960266021
-0.16676478966989516
0.23604342200924028
0.22076648794200038
0.31925735545000566
-0.4646303215216996
-0.442726821140354
0.19704109722707852
-0.11518717517303834
-0.46286436887324833
-0.3206423536448936
0.23734616373936623
0.2592076640604034
-0.558308928778039
-0.5628195512525417
-0.030443848508238225
-0.08531064789580312
-0.44684409343030373
-0.575569906128049
-0.08254830680521885
-0.7386433792549286
-0.8487610152793181
-0.28561040334524357
-0.34658658722251834
-0.7412161779333817
-0.4472385292156116
-0.5262567363300512
-0.35004869426313034
-0.3589511262895577
-0.6306155058172038
-0.6913770303587404
-0.2656926244591371
-0.8313504573147167
-0.7474356197669196
-0.7227265952421484
-0.5289553044705976
-0.6797091457550359
-0.20287103969351405
-0.4675268381857942
-0.00808859877630419
-0.10738973185317158
-0.3282069515453586
-0.2495417618720056
-0.677169702794997
-0.3275372841999853
-0.21562338787515067
-0.5262684077408742
-0.7049462330856304
-0.14801349057229762
-0.03255651602495491
0.005578144842070865
-0.8106053207406874
-0.5750013035955401
-0.45064790162466173
-0.3826094899647594
-0.03213303330060313
0.008229556613280509
-0.11802994075934903
0.15356400425694827
0.04751771181636366
-0.4245233969862249
-0.5907584100463661
-0.027413026611539437
0.418543488314959
0.3269639161959085
0.3020249126935422
0.08601446942597923
-0.1349940958564947
0.5321734066435733
0.12437047347663838
0.5705332053763195
0.41529811597088606
0.17331578174497453
0.3000102811397717
0.5237034992708923
-0.02689531107735113
0.027872533345884715
0.5984222280022838
0.3694192641549774
0.8886715135031701
0.26348826699297456
0.7125375904112213
0.9921694438892263
0.6476204634402197
0.8077786060030406
0.3113752100193813
0.316493237276151
0.5206951285462854
0.9661781192794427
0.7686072050941144
0.5686453062005355
1.2706475517007045
0.9095823274993537
1.0344072375624735
0.5880213994696899
0.952518157265913
0.6168747024365584
1.1003758162081112
1.272532575180916
0.9824097533170475
0.9713701191857985
1.3376505105424226
1.6733238222291544
1.3298240664737784
1.0138728619433177
1.7670613409191778
1.7105643646316975
0.9074218096468974
0.8812979528244542
1.3924603301048062
1.2128991233072397
1.0603555121003216
1.8440145911086576
1.0240582621910332
1.778017302318199
1.7976767003980256
1.7012903273339695
1.3847599925283816
1.519325441193497
1.0644347656820046
1.7632669759419906
1.3435466739284638
1.012923951173891
1.194466077727351
1.5490265224040205
1.0227737420162177
1.4076433102135193
1.8113828070774143
1.5205446696322193
1.7854020869385105
1.1059126573373717
1.9027753128456235
1.4040046173880503
0.9984780408452492
1.3144575751058847
1.6014715565456645
1.7454670967556671
1.615568974234404
0.9173907972614882
1.792969920149274
1.6809690782642028
1.4580061816161176
1.5123628553434139
1.0184573825133976
1.3878373033262892
1.2740294799263134
1.448750505019495
1.4055655795730304
1.321518060750488
1.1090000599580765
1.2558906777289227
1.5486739228662123
1.1586609067734397
0.7100220882546243
0.6714743314903922
0.9391634967016231
0.7334023952766422
1.2963988141152385
1.3343377360776398
0.5005275355961598
0.5116156253889459
0.7462929860131489
1.2623446247807255
0.25275822872086534
0.23051024124971503
0.2877532205507334
0.5217929933744276
0.27156028831494344
0.7906273715604697
0.4953397149273495
0.21072565267985197
0.1279628907218134
0.5913590049951089
0.36148132147363843
0.03745066793990373
-0.15444053062730095
0.5014505203670603
-0.05899385022176748
0.3011835147148219
0.32546666963662096
-0.0470221194945834
-0.2188143837387646
0.3148963222139427
-0.29068552411162507
0.5425067944647197
-0.17592001211477898
-0.3766533638827394
-0.4696942574847792
-0.3322689722105856
-0.24870069916130821
-0.2560829227700474
-0.2034036990499275
-0.2260411356084746
-0.3945538199242592
-0.6132796342788052
0.1470690360472392
-0.3973932474070515
0.20380502744699058
-0.05805076447388091
-0.7420601174698471
-0.7956431217136692
-0.4107633471297958
-0.4074322392628221
-0.8545373144544619
0.04621197476993
0.06046733046092667
-0.48429844797699617
-0.6495669196749589
-0.4793019788351822
-0.684895404720605
-0.14909186148170706
-0.09289484585361152
-0.5512737487536864
-0.2664357234355469
-0.6260990434446069
-0.6629680414207878
-0.12232493468421135
-0.31409800627198603
-0.6674773066605638
-0.26206259874418847
-0.14457755642631143
-0.7695113212811583
-0.23976185545400563
-0.5534061550457543
-0.5664103570928721
-0.9373111650885834
-0.5739598861975317
-0.26146562784575933
-0.3928678568078666
-0.3619356770328398
-0.819979849157967
0.0741216272912385
-0.21399418592654762
-0.12507951861890165
-0.17871684171951885
-0.595315051069121
-0.02782554002128279
-0.16180012632548435
0.2789383849882463
-0.5288483977935606
0.05923628462987807
-0.22871187188352038
0.27584492716427533
-0.5222792623469731
-0.5412437950107674
0.28166686999941337
-0.04645690225613597
-0.11818953117823672
-0.09820532876733229
0.4682314537503958
-0.15101609759813905
-0.1539195604414021
-0.10814726564727456
-0.1922147767364547
0.5347714648734996
-0.12212891216746671
0.3478342518403744
-0.11496106336227196
0.5458700878620563
0.6512640314153307
0.8293086163733755
0.4699767682354464
0.8734665254173889
0.5079530469044464
0.38706803527287165
0.4016423855054747
0.9202095962116147
0.8317949452883231
0.460201272199082
1.047231795708802
1.2077058201538893
1.2971037591600054
0.940452980290345
1.1779851672149864
0.4353795325897433
1.010422742706658
0.5038270987862512
1.0675716394252985
1.0442272448083183
0.9838208454207377
1.0479091865626866
1.3716376789788622
0.6910469394025011
1.4594876082430244
0.7528117968170059
1.3965278541140518
1.0788859740762242
1.4526342254394353
1.7506464328930638
1.2332156513282462
1.6832025525468963
1.1357703868627755
0.9329479160434827
1.793223734307871
1.2229346373001624
1.131456974299859
1.6112931563680046
1.3397463504954226
1.8342780257146867
1.353531638222111
1.5022315756096511
1.6488623899453674
1.2586898845265324
1.0284534708525719
1.921385863391194
1.6881977210657402
1.4296157547373451
1.1328219398527426
1.202252474435718
1.7835350083683383
1.0564750984233333
1.1748046263996654
1.1697268546385877
1.8551241091712685
1.5688239060415015
1.302134378936419
1.343616849107526
1.4625361903726268
1.754555867748122
1.7842859500499766
1.0973351042247201
1.4538921267277292
1.0711352417033457
1.743180876368784
1.7482981331379177
1.1943932646741877
1.0091543149063495
1.048232943539079
1.5751502587857402
1.1679197729034696
1.4312386565358346
1.5212122720851053
0.8215245173638925
1.2690312486130058
1.2387074869996233
0.7297935623573317
1.2595933228504266
1.1545907161569584
0.9622395507567494
1.0154737463881658
0.6017229813517178
0.8468938014431935
1.2492690082601488
1.0828390933443728
0.9414039320302299
0.7270413252096224
0.947937306684725
0.5473889992642672
0.5222316402481189
0.5361930583584487
0.8130830910340323
0.24852473517710083
0.7759552515059261
0.9563997307345028
0.043746123161766945
0.09161550652181337
0.4807438441642845
-0.0892656013350924
0.6287152852363266
0.07923606360030191
0.053872980709745444
-0.12590374165518026
0.09434765652333021
-0.2958781289478001
0.37763123687572175
0.09625572576322988
0.5039386099218377
0.42120143255308823
0.032228213539669204
-0.20536095928361264
-0.17736882106458918
0.24255199075420275
0.0939939453307973
-0.1145131808154396
-0.484821482267875
-0.5167049284771652
-0.2740027026839085
-0.6763109012007859
-0.40704092857769425
-0.7689853473826103
-0.2954845654199443
-0.6166351949021165
-0.7509275790108626
-0.5968807737254402
-0.24289902228159255
-0.17266462994898257
-0.8587523353081817
-0.09976289540106753
-0.18353791894866633
-0.7672462404416224
-0.131393320768048
-0.7692160867745901
-0.6187170054869856
-0.659987510826934
-0.3827457281584671
-0.19051402847280574
-0.008744477809030093
-0.595250273670485
-0.5366237494030333
-0.5223230496267554
-0.37494760210281863
-0.8581562696614642
-0.707748795711404
-0.2448254923626596
-0.6302544788216962
-0.8964982600588625
-0.8220152687892958
-0.01618797973363051
-0.3335414227145208
-0.6366031708038434
-0.5167533345872498
-0.7471663795357568
-0.35277365263915317
-0.832145250387969
-0.5962062804699603
-0.07130586517283544
-0.15353727215936563
-0.3769161704233259
0.021588370046761618
-0.3394071210904488
-0.2244075121052056
-0.0955607031360689
-0.11368882527445912
-0.3060235185714979
-0.5997841944621085
0.16820952975250236
-0.3119014012504241
-0.23222331971347887
0.0984785557654374
-0.02162811592767272
-0.2584498755875937
0.4187019477485613
0.5878166046170953
0.391517850464063
-0.20662172599130063
0.12737931391383817
-0.12800873996804032
0.2859157682675636
0.3003201298867687
0.24841859572127958
0.1317796988151444
0.15144379176013395
0.41519297624367957
0.9860121000885858
0.24130973031441721
0.41828966497717845
0.32684792543938684
0.4107757836721698
0.6508255062509971
0.35349746850494124
0.7728194462235307
0.5932081585693862
0.9883073276872956
0.40734627376988053
1.033775910441476
0.41224791788157444
0.811812539343876
1.0129447775522369
0.6926637450821844
1.4918385986745384
0.7185478805361941
0.6982788391963384
1.5988723797818518
1.3118139401679167
1.2086248897853336
1.603120176626315
1.6145655767938374
0.9204550918443226
1.5496852845835254
1.135817380201143
1.6097882678324287
1.7205451758378256
1.3116844075355907
1.5251385135175868
1.0485519091590145
1.8341829881396747
1.5472568485837765
1.5223871275387473
1.6498508667851077
1.6602206558365058
1.5499940855727994
1.9378152916017988
1.4543962140491558
1.6773819240174581
1.3837658226127454
1.6523267097181558
1.0176462215413355
1.0660784928444875
1.5778454282244763
1.4762936478537938
1.6722818082106503
1.1410614290348384
1.2905946256610044
1.725190232724433
1.26865863529767
1.2496967822835612
1.1078786826248508
1.6267212947711682
1.4383842226871009
1.5609908728666977
1.8695502533352735
1.4610256687121108
1.5509091493837266
1.2659176392180602
1.4900344535427625
1.7599075654666407
1.1888883527015386
0.9924994047825936
1.170455875174286
1.2835743991262052
0.9703198955241906
1.3857590033768061
1.316829030660923
1.2413711668326943
1.4198161078578506
1.3205189685781593
0.7308696956596077
0.9010071651710013
1.3960060921782413
0.6022954537400518
0.622794112140788
0.7070020340074659
0.4523096798530289
0.7331663486977025
1.0267576965085419
0.8886949294126377
0.2762187645749024
0.5867151478483246
0.8634807249868758
0.4165264359451145
0.7727664495574892
1.077439540204897
0.9441185537118983
0.925033999692372
0.5086742245137452
0.7054726346034624
0.8219205744243807
0.5728776439599397
0.07529103045221214
0.4892348503341036
0.15659449083441052
-0.17926933283618615
0.28606362808783997
0.11772761969146173
0.5356593676528368
-0.2991433490427854
0.27501196484049006
-0.11595665124109011
0.06849144877304403
0.22249075899990411
0.46251022585084267
0.07055441265917606
-0.2188032936012948
0.06894655761768465
0.023525896205090824
0.26388692704887895
0.13412588411152782
-0.06996429779108215
0.20234794290118463
0.18471885532492394
-0.40266432422284704
-0.17049463114394892
0.12116070238057852
-0.3915896248455769
-0.06852228614879396
-0.2669947003134612
-0.8258272570593513
-0.8415064996979629
0.03029634921462432
-0.887035922289197
-0.26489149916678945
-0.7134709749620897
-0.4387758419031049
-0.7406395674421608
-0.5798048293421786
-0.2305640890895021
-0.38989428909991397
-0.4744955131972528
-0.7983439661580183
-0.14104274963426888
-0.1438581337571474
-0.34403150234955904
-0.5010086217323905
-0.796007728323764
-0.24401708646478515
-0.8237816633629496
-0.9353721576139736
0.017317601273183825
-0.3722236965668454
-0.8844726768982842
-0.8668334375751985
-0.2166007480814155
-0.670790709654574
-0.08670867255227588
-0.39952156943743466
-0.8169564808154217
-0.8399624529765115
-0.8122578124496671
-0.11422870805511409
-0.1321510102335539
-0.1993695941055752
0.18247404865495076
0.2809070744706126
-0.35557835652777803
-0.6042124431139085
0.33677255389555083
-0.5128096493170029
0.017912089873310277
0.43739750645821396
-0.33450975907616853
-0.47165994564956387
0.29511159060823194
-0.20211338375549331
0.2714247569956674
-0.12972079087288368
0.24198540214996556
0.35933379508888386
-0.10648281923616737
0.67686403858531
0.08722770113737927
0.29322835898144084
-0.02578535987759234
0.39196495481329635
0.06624883582412378
0.3666511766783234
0.4481949365552592
0.7926574114537168
1.0062908757504732
0.2466026547229277
0.8509499453698919
0.9389064821698749
0.2940662191696974
0.8874194046640206
0.7157307622422537
0.4974463378608099
0.4748851619290821
0.7375343023033295
0.899234385017661
1.3442810265588059
0.8047058189706731
0.5232403329442623
1.397696929698775
1.4559888967866261
0.875100076737292
0.9601332185028689
0.9338596152151435
0.8632267081213877
1.5567608233201613
1.5134429085310814
0.9727864361609109
1.0392569257320377
1.2610588464610712
1.356505031850299
1.1041508337615507
1.3413499736633447
1.6850031428297714
1.405261043481572
1.1545770804858893
1.2570382394335442
1.4280867454813833
0.996023682617045
1.4332147568776006
1.6295758241560474
1.381746312977862
1.8545443113193263
1.6288317875507445
1.6263644831923942
1.5383237884078853
1.466871536417155
1.995914046501434
1.4350320123873275
1.3062865102855308
1.2301065770691517
1.08285555081683
1.0831314565562469
1.1116704157506467
1.453851300364235
1.0398516855784652
1.8490183593979688
1.535514683376812
1.5919018632957287
1.126323193037318
1.0627584281416476
1.0207429328755944
1.5806086125430163
1.8718447300025933
1.0413760004147818
1.3288229582925362
0.9160545278373926
1.7512247635050349
0.9977152983835151
1.1316851813282485
0.9068356673519489
1.6367856602999256
0.9041289198086389
1.4879220197675171
1.3746950565365763
1.1963850532196632
0.8976146684906443
1.4520217779152866
0.5707376412339581
0.6145686492996181
1.2819298973251088
0.9117463821113538
0.4319475740297476
0.4509829314682496
1.0058299924916643
0.9278411349042786
0.35291302126590074
0.2350982891444476
0.9810777468063866
0.8944254589373033
0.14345575652361137
1.0375322185070754
0.13932168617640983
0.5268025729018116
0.39908592677860333
0.24192756477237334
0.5825159754911857
0.5178767269866664
0.3784243435107686
0.2887565448680194
0.09048907258804939
0.2850270581175663
-0.20799613044873383
0.2101565624632366
-0.30270672659978753
-0.28084204475141195
0.42431714290612027
-0.24466407822185127
0.17118424689583495
0.01801394687760627
-0.3366160730426919
-0.309044069912184
0.10006423622667737
0.09026057174293367
-0.46654289443234076
-0.06701366480543647
-0.17030628916666335
-0.15925886185669924
-0.2828529758103888
-0.08135900410525088
-0.091723832844957
-0.44546031580638257
-0.23779466461413556
-0.41533764490467473
-0.43942172588202444
0.11560439702650904
-0.8035133666464
-0.28645807729008854
-0.14772013400991668
-0.1655415278562582
-0.6522305181490684
-0.3484268028558728
-0.4185641813176878
-0.5143833079286169
-0.41701918338252375
-0.6751143233372505
-0.673375538296029
-0.6429666876822189
-0.8234772321595544
-0.8967415451874546
-0.488646913726866
-0.3988633229379376
-0.7158037027933241
-0.7253360588617725
-0.11663682766657635
-0.09679589440097669
-0.7104650130991281
-0.9160484464168469
0.02827615778945225
-0.7339828109784484
-0.16954186924094716
-0.6224190003647659
-0.39593479244902285
-0.05111024657058916
-0.5950920571488031
-0.4742847351996411
0.09423705605413946
0.021078968985306257
0.13583565390980468
-0.2905775586628796
0.20297991068803367
-0.5521283932725798
-0.24287826732027407
-0.17243671709744457
0.13604920874599757
0.15914047277404375
-0.09346454670570614
-0.14323311282644002
0.15673691835274517
0.04143858839621006
-0.24358394251677568
0.06414325540692856
0.2809393884531122
0.09878160480469456
0.01578117301632337
0.17946501581846347
0.07324051871654436
0.44629208605953236
0.04815051496817713
0.16266711197510741
-0.03493298677293569
0.16581317669621431
0.15133820262934025
0.904464636762057
0.4844952483808976
0.40515866113225524
0.9344832396850723
0.1886304855186933
0.30026896586430435
0.904492284272635
0.6317210322322752
0.9598784304250304
0.9730821068779998
0.7287169971145939
0.5869163992094075
1.1537304087509772
0.7632426292405674
1.3133522846959433
0.5327438365264582
0.8777530729457692
0.9993824815699004
0.9894574063616494
1.3702475491467552
1.4401377823507748
0.7160336249191811
1.2735054961658365
0.7864622792339728
1.2798860571816382
1.5476699417110222
1.4271057520236954
1.0939786980980752
1.3262659422943557
1.7683785191677757
1.0623253830568569
0.9415045840151015
1.4191798685624857
1.157418180120533
1.7521247954805879
1.0076774904778047
1.44377838949466
1.0521164996550874
1.4057857823001876
1.464466340121993
1.7732375663335842
1.346443865649646
1.2883860306133976
1.3357806446299905
1.9848446743920798
1.2895881176316004
1.0076405169409974
1.799544011076836
1.1477175290349715
1.4091189849422352
1.53911995086129
1.8203515155233148
1.458890219525316
1.4595028656866496
1.8458425778853844
1.3493072573298983
1.4785685161440232
1.6104087019886633
1.627666938421509
0.9889954075614179
1.4800389631432307
1.2679377598491166
0.9587998187242991
1.7802384294337128
1.2258678507799439
0.9634459532076007
1.6995267890387638
0.8227223473594362
1.2256800337085858
0.9699669709633338
0.7312610668621862
1.2538522825737863
1.604283763422254
0.9420162320009129
1.1795830617443355
1.2501646221202396
1.045475889923401
0.6394700734869841
0.5096463692874678
1.3887539139077667
1.3958656348341587
0.7812620465974702
1.344545898035659
0.8434898808998306
0.5403404842050195
1.1606965650390804
0.7216655492690695
0.7622855429896183
0.35073874623274404
0.5485452699736141
0.11317741794709667
0.8644855075872447
0.3713265048303495
0.6305349534469925
0.2979255877325519
0.3382760016446214
0.3187071488828088
0.39878907766699634
0.212758963454185
-0.056292003099112836
0.4232466439383351
-0.13847781131887715
0.12080136269160074
-0.17772868246987839
-0.10043371620642222
-0.2664327977630136
0.4335791814911989
-0.4491379563624849
0.32720138179268443
0.37473332257366654
-0.2843250443219376
0.2471159727542226
-0.13299311398480573
0.024311819623382358
-0.15823455107836848
-0.22818648378467132
0.040041531307966394
-0.3086472094816476
0.05868953920306241
-0.623993185239799
-0.763098367331286
-0.16702760002828865
-0.3030717933258734
-0.803490426557383
-0.7900797239468939
-0.5290001001115275
-0.24663818802388637
-0.13668097355515574
-0.7687571353424959
-0.4825981001508255
-0.740889164341857
-0.6715727186528562
-0.6361347126686083
-0.46518493571733144
-0.8583808796174713
-0.5157216067772721
-0.3544520661540522
-0.6837024948577807
-0.9898718669544567
-0.03059629712652523
-0.2610947712130963
-0.46534862722573633
-0.7226584240588891
-0.8843651969499222
-0.20161654655196426
-0.08168424988616174
0.008692900383306279
-0.35130284149412305
-0.33058282375134473
-0.5602881781159167
-0.875988763081359
-0.6594912825647508
0.08885917221085848
-0.6291261113003055
-0.061042660391922965
-0.2120501535884055
-0.12434783996935839
-0.7496876326086732
-0.37711039043528605
-0.3117730304704893
-0.19137259499451942
-0.4016084310964956
-0.3779355264309624
-0.043087140605752805
0.20971078471949323
0.38435087323010686
-0.06582618845476174
-0.13398204183176488
0.17122798532751238
0.19178598120659224
0.16469769279951446
-0.24136222683141328
0.42390048547466197
0.3442001390843518
0.12356410555070207
0.4216427780219657
0.6274415930342387
0.48560845209571946
-0.09152200332294988
0.22715319582721455
0.3997819891718011
0.7030498845787845
0.747788019323141
0.14870267451454622
0.2092980420668602
0.8780163694168625
0.3733231259811157
0.8816022637342831
0.8552532718727832
0.43692240340883626
1.1709155205985093
0.39374939966845796
1.1370977912265179
1.068104555008869
0.8696334040586035
0.8128712233353723
1.4043891374556836
0.8583240534839542
1.0711644209170252
1.2592502794762597
0.856717848468835
0.9011884227298476
1.2558472988132854
0.9988072649954322
1.5565947745886117
1.0636210216245612
1.2567927055511714
0.7948175712880919
0.8546859560936068
0.8370135868192045
1.2985258839969553
1.3494834689795847
1.3442028670460109
0.9456898052912223
1.6406212848595345
1.2082162740389086
1.0250091476031717
1.7964676293851296
1.0679655538216761
1.7050095184927014
1.5582077209423164
1.9582480469608643
1.183033719954958
1.8999015838713396
1.7991365905453134
1.0137522971992334
1.7662923357700628
1.4668781970154217
1.798107634013819
1.4073702527053094
1.8776086838012214
1.6699054227458552
1.1080975702797446
1.6356511915248548
1.101712706562194
1.805795797485863
1.7714607467804382
1.2273074181573622
1.0868390385751057
1.4611133721439955
1.4881675868117632
1.0873247492636313
1.8831599722954202
1.199181806123585
0.9924985309106468
1.2426314089289043
1.6042052579952173
1.0087234254488417
1.3476266596655493
0.7800922779931488
0.8815089119436977
1.1528162623734013
1.2373419144743076
1.5049451762855948
1.207073233600588
1.3789507862651953
1.062264710022217
1.3895946875452125
0.9567630864651555
0.9606262027359022
1.1017789852477877
0.5846821605476774
0.6788612089056113
1.0639760760692898
0.9031016786879705
0.7864525462449208
0.7644837193501524
0.7124881087742587
0.8051847515745136
0.616241900161791
0.4161776892934087
0.14182826023891043
0.2863652463004519
0.6054002985233965
0.4362945331389922
0.3559796626787211
0.12242283610982058
0.8492883559812232
0.6919130276324086
0.641492329229498
0.6397084136493963
0.16337345293624184
-0.21578234634921106
0.5158223643628235
0.15186262664841954
-0.2880466091710692
0.5287014892326137
0.050358649677846146
-0.16449761194872187
-0.28960657258596995
0.37076184771917087
0.11795602772341773
-0.41213703589163764
-0.5971985943334858
-0.1667980658171212
0.34256218846819786
-0.11892457766958486
-0.21776792837916858
0.252991279962986
0.19374123132445376
-0.0810284298384788
-0.2435337133689901
-0.3450707371699665
-0.517636870051502
-0.3029151337176711
-0.47266529752282205
-0.2787445014240366
0.0076717475157261905
-0.5468589898165296
-0.3458521966481871
-0.3419660786694342
-0.5778481687954199
-0.7205183413410196
-0.853932777116189
-0.2923788313347664
-0.6752794889076887
-0.7727890967487452
-0.8432811403404679
-0.5625682468724938
-0.4026479186355145
-0.7151010671807564
-0.16882192247004402
-0.9062278235041589
-0.7983783021391399
-0.44507356145694943
-0.9085865546473024
-0.09504936716962387
-0.49445403002376265
-0.8885801361309447
-0.17155156159296792
-0.30772043921396985
-0.4483616724915932
0.033691508266781134
-0.8962459295939097
-0.5713757846155679
0.034798516935990786
0.07380513235283381
-0.749385885879292
-0.6945378112107895
-0.010526980380033857
-0.45237816667041875
0.08437186963248222
-0.1774875122271592
-0.36489232804182636
-0.48384227829760496
0.025280839256227483
0.31016742002251607
0.13130777948949868
-0.5146940211209337
0.3560402357085162
0.09922191291306681
0.32984682075421595
-0.33822648403191974
-0.1848119683203493
0.00619678017864661
-0.34255414012216634
-0.2882973767505961
-0.012327563602295366
-0.20232007250812922
0.30863009407446995
0.6840558591525588
-0.1242916267074744
0.4013713952354006
0.6373197939462025
0.8743056147984153
0.9481429684651157
0.8982785494741392
0.6064632834055255
0.24690232383363053
0.5898774993085427
1.123319435411534
0.4355136989191603
0.8728513358664804
0.2971144213282352
0.6658321505318863
0.3615105601504958
0.7409470250826996
0.5547025299115403
1.15594853000733
0.7259054112749582
1.455831062310834
0.947369810647076
1.3607176318142722
1.305107468508514
1.215156553534598
1.1519486857065055
1.4863806540134274
1.2955117092055661
1.1943685557700983
1.6819466200928646
1.095519971422692
1.5372364092938144
1.2582323407281528
1.1155325979305548
1.073567873523133
1.7735898805062127
1.1881987362998196
1.5797904378492196
1.7821621358221866
1.3505744070399324
1.4939772609405888
1.0412806624477335
1.604503618903153
1.3128329175583051
1.0512617637127524
1.4613233643635308
1.1883043280372472
1.2706384435363218
1.056545250109852
1.9667151519893973
1.6922190329435767
1.0172430727981197
1.9679188522668944
1.5176464692121945
1.499280274433396
1.1063993282324984
0.9895332925221565
1.930709514883409
1.1656420615306335
1.5732533064250853
1.1306566618356189
1.870297114149557
1.6360909852205427
1.5483931820418724
1.8066453901946267
1.2461099688526838
0.8893186630848952
1.0174555085603827
1.1937265650285949
0.856160335247708
1.0565370882348823
1.3793183226825447
1.3311507870296002
1.0526860829455655
1.1727931224200867
1.436998156716084
1.5095884166958002
1.461960258861176
1.0634463212295517
0.9539061423847824
0.9396067046237787
1.1000296488977463
1.2553077090365299
0.8338758878024093
0.4624751057177317
0.9770608053532717
1.3415238408558783
0.6653888276599156
0.6182115547977687
0.5245871291328977
1.1738165256075137
1.026094551650707
0.42661090996489764
0.13333556058306162
0.7193804065031795
0.5056507777216759
0.8544482107224458
-0.011048671711008685
0.5040158011831741
0.006558594380295213
0.09231918299121994
-0.03663009647444035
0.6239142860976337
0.5915930857684883
0.1097764214277761
0.2695003873707074
-0.08733528613843727
0.5400312052546253
-0.3278872056649462
0.48497824948499896
-0.216834600898133
0.1278169632927738
0.19259100777101845
-0.11900296375662545
-0.4297689034225005
0.16629505503757114
-0.2849132128862414
-0.42243435057538437
0.03413959417273715
-0.4023864903040004
-0.39862986176819193
-0.4442181136106119
-0.3449392129799661
-0.6088953913870401
-0.1762408488171261
0.10062864868161991
-0.40646909926060415
-0.1592209753646865
-0.6409231956280512
-0.46113998700355774
-0.3786135834364591
-0.3736240446510445
-0.13858017905861286
-0.46370159681603174
0.024451076490532908
-0.5978291268905658
-0.9783939926403127
-0.5609346405072768
-0.5478648846875118
-0.031677627492155636
-0.8636716538269759
-0.3464802009725346
-0.975723955004222
-0.38828854538870927
-0.911922325175668
-0.6204862636104528
-0.08224000951182564
-0.5531184427358158
-0.6667237934876097
-0.9488264920436934
-0.5854674559715821
0.03134706902895268
-0.2554417735858219
-0.3343149022267964
-0.3259310472411244
0.04225203665245436
-0.5527123858931092
-0.7093021230796549
0.08123636342677643
-0.04365018945131338
-0.03300027025219854
0.18427345298417674
-0.5676381416317116
-0.7380730295814407
-0.1826709057479461
-0.059446477143658916
0.22235143990435347
-0.5487853854252596
0.34650124653625836
-0.5047225430344422
-0.47436798027532523
-0.49624092399266206
0.4444950930669843
-0.28124502570657756
-0.13379876332414425
0.5584259963965519
0.5306233651987842
0.18152910503714592
0.24293566064394195
0.1931588722174133
-0.20097389480060823
0.7692984994339799
0.10745609128996408
0.0024010751073612335
0.6910921630235406
0.12429136317455505
0.5850426772801436
0.18758692974081898
1.028075525756383
0.7952639790463643
0.8912356705944788
0.1902971676929123
1.0554854136246838
0.42943889353236514
0.7934930242366255
0.6375948570488175
1.1055052404559913
1.2720757678667924
1.20766051394616
0.9245506875750138
0.6626343022506898
0.952034271178603
1.040706807129859
0.9806579448760543
1.0344611325562372
1.0204736429529375
1.0623046178957207
1.3745207798125643
1.3253200492142656
1.3565869298153455
1.0532501324896844
1.1791293890591221
1.435923290283196
1.0298715799756155
1.3191862531593854
1.6385861568871491
1.628043727011519
0.8836918793281903
1.5477028712230205
1.7924337983979504
1.5136705918715956
1.6874111039113502
1.618523674899051
1.2711151964400513
1.8907684464211627
1.964843239136759
1.1010695892423834
1.2435761410860424
1.1204708375846248
1.7076148009206835
1.876518510270718
1.218288268294652
1.9592003059551648
1.6414239163222526
1.1635213033711962
1.8013847378127967
1.7666163094363627
1.5840168999214677
1.84393054430959
1.8235864347042758
1.6158659563394084
1.7846976130265815
1.29240761264413
1.2965308715597343
1.8622616252635495
1.618563604153289
1.5234475136235808
1.2502434541809504
1.7488562334199622
1.6608725838923286
1.6431267318503093
1.3103304414717258
1.71592366531468
1.6214467127206798
1.5880079139587964
0.8432239847813837
1.0937133096420064
1.5820720529036252
1.5616237019018402
0.9181524781001208
0.9792492234207478
0.9678557386803633
1.0152241512896012
1.3541587621124938
0.6922555466190558
0.5589898969902753
0.8772534092186566
0.7046100027395225
1.094136767320714
1.0343814432330207
0.6965251014432668
0.7142265318591617
1.1818986434828487
0.5859597814540679
0.8490973864958128
0.18688420970812455
0.07437060324413265
0.8120098947180551
0.899725033701243
0.6680340099994562
0.10915049612718776
0.2767351896418268
0.7741990969919205
0.1816824374988943
0.21377959659725965
0.29897752852639986
0.6289491593567205
0.2840288133455225
0.4871044573142799
-0.07821916210060864
0.3325188864852463
-0.22191032227783464
0.366248674373437
-0.4370850527726776
0.046047595495064875
-0.3729061878974851
-0.0910158132483595
0.3559240705696385
-0.06769790355370009
0.18143927254619296
-0.5525624103264306
-0.6592624450174969
-0.37916003737658
-0.6026335697679769
-0.6199329386977513
-0.4335074589986313
0.1398305964588834
-0.19130945065124183
0.053462703761678054
-0.46711583173463067
-0.180511800300031
-0.03985484022000596
-0.30832971555776
-0.09493177029455879
-0.5888705357418198
-0.06510053389468551
-0.7123529143813941
-0.8862928348032072
0.002934796133255424
-0.2583508239311251
-0.11820041574747808
-0.5010877987478619
-0.18560441374838166
-0.6808401882017098
-0.506805380441326
-0.2870984832424819
-0.5982346886199206
-0.10994972620287946
-0.6828258314345053
-0.07012208172315237
-0.4707679518322756
-0.03401174584300792
-0.6168964264031794
-0.16161686620058346
-0.1253428347361356
-0.04918776518503698
-0.8835022244513143
-0.5261226260018186
-0.6011738733041483
0.12657801143337644
0.05164519693516145
-0.19794560328079858
-0.6925118909034118
-0.5279479441581351
-0.15327775290782142
0.15240699359047016
-0.1978312205995013
-0.1907711630816733
-0.6539620541750102
-0.07635854768864825
0.2194527252546079
0.315496783555983
-0.4053865959593532
-0.34897913363588595
0.34696163807924546
0.03899998524316084
-0.27842757630632853
0.19550943691364447
-0.2688388699590254
-0.063085839656363
0.46811046930078665
0.6724317552353843
0.4401122710221823
0.11101714148089742
0.40546865502810026
0.5377179372122425
0.6727423122281361
-0.032871925227883944
0.028543687656229194
