132
52923
194
60
62
194
420
1437
146924
29457
194
8512
426
14076
6321
426
206451
1068
5629
194
3504
194
4871
4954
194
107
60
552
468
3646
1699056588
6870
912
194
194
60
194
23354
4184
194
1072
276
486
534
4789
143
1398
11409266
462
194
194
5811
9431
194
60
194
4557
280
194
3367
5423
194
194
392
60
148
4697505
7068
194
194
107
107
4517
194
544
60
120
194
78
132
194
39155
140
60
1188
194
5307
420
146
194
194
194
220964
3804
60
194
194
194
66
6159
486
60
468
800
3747
194
2644
5789
194
194
420
712
194
368
356
5055
9262
194
194
194
50491
912
330
594
530
546
145
194
194
476
194
3754065
194
194
486
194
60
194
24746
194
39695
4419
194
1245
4793
757
194
132
453
7295
426
18686
60
14580
60
5863
194
486
459766
60
4732
194
60
60
194
143
486
222
998
143
396
5269
60
25011
874
194
574
194
4654
222
194
420
1629
3008
426
194
194
78
194
546
194
194
132
62
194
60
6054
148
194
194
60
3137675
128
17904
1934
145
482
10065
383
120
523
194
5963
2037
3634
60
912
60
8328
637830
6604452
7870
1629
486
194
330
52430
104
60
107
720
978
19964
194
6936
1080
2787
392
420
146
39205
143
426
4523
5923
60
62
143
60
3024
486
60
486
420
66
120
194
8461
5591
194
194
960
420
518
4315
194
11038
4829
486
684516
316
60
194
194
2819
5894
24769
2280
78
426
31224
2520
300
5229
39601
194
60
11018
143
712
7068
7068
378
140
26062
66
194
66
194
60
