378,6116,132
800,0,52923
912,0,194
120,0,60
60,0,62
1188,0,194
4315,0,420
4419,0,1437
3008,56281,146924
60,606,29457
4184,0,194
194,180,8512
383,0,426
426,0,14076
60,0,6321
60,0,426
128,0,206451
486,0,1068
6159,76095,5629
4732,0,194
194,0,3504
712,688,194
194,180,4871
194,0,4954
2037,700971,194
6054,25405,107
194,180,60
194,0,552
3367,8017,468
194,0,3646
546,0,1699056588
60,0,6870
66,60,912
50491,714802,194
4871,49858,194
194,0,60
143,0,194
462,763,23354
426,0,4184
11409266,0,194
7068,0,1072
637830,2897,276
978,5164,486
4793,0,534
60,0,4789
60,0,143
486,0,1398
25011,0,11409266
10065,20984,462
420,0,194
66,60,194
1699056588,2575,5811
194,0,9431
5863,70843,194
145,341,60
316,246,194
29457,0,4557
468,0,280
5591,0,194
194,0,3367
60,0,5423
3747,0,194
194,0,194
19964,91544,392
146,0,60
23354,1264,148
143,0,4697505
194,0,7068
5229,46515,194
194,0,194
5423,0,107
194,180,107
194,180,4517
194,0,194
757,5110,544
426,0,60
194,0,120
60,0,194
194,0,78
18686,0,132
194,0,194
280,0,39155
24769,0,140
60,0,60
720,0,1188
143,0,194
420,0,5307
7870,79241,420
148,354,146
78,60,194
8461,39302,194
145,341,194
132,0,220964
4697505,0,3804
194,0,60
62,0,194
60,0,194
60,0,194
194,0,66
194,0,6159
60,0,486
143,171,60
194,0,468
530,0,800
194,0,3747
3137675,0,194
3634,0,2644
194,0,5789
712,688,194
60,0,194
26062,0,420
194,0,712
14580,8340,194
194,0,368
120,0,356
194,0,5055
1080,0,9262
276,0,194
104,126,194
8512,0,194
960,0,50491
52430,0,912
4654,43844,330
194,180,594
518,0,530
534,0,546
9262,36001,145
146924,957625,194
78,60,194
3754065,0,476
148,354,194
300,0,3754065
482,0,194
6604452,0,194
220964,0,486
194,0,194
194,0,60
60,0,194
194,0,24746
17904,80460,194
330,300,39695
1437,3823,4419
194,0,194
5269,1560,1245
194,180,4793
546,0,757
60,0,194
132,0,132
1629,0,453
60,82,7295
194,0,426
194,0,18686
552,0,60
143,0,14580
194,0,60
140,0,5863
486,0,194
7068,0,486
3804,0,459766
486,0,60
11018,98320,4732
4523,45041,194
66,60,60
52923,689319,60
60,0,194
206451,0,143
78,60,486
6936,0,222
194,0,998
684516,8633,143
486,0,396
7295,33795,5269
486,0,60
194,0,25011
194,0,874
194,0,194
194,0,574
194,0,194
523,774,4654
1398,0,222
146,0,194
5963,0,420
5923,67550,1629
1629,0,3008
420,0,426
60,0,194
132,0,194
194,0,78
356,0,194
107,110,546
194,180,194
120,0,194
392,0,132
107,0,62
5307,0,194
222,0,60
194,0,6054
194,278,148
2644,4787,194
194,0,194
2520,0,60
194,0,3137675
194,0,128
194,0,17904
4557,49455,1934
194,180,145
594,0,482
194,0,10065
1934,3709,383
2280,1601,120
194,0,523
107,120,194
476,777,5963
24746,0,2037
194,0,3634
420,0,60
60,0,912
3646,1122,60
2819,5994,8328
14076,0,637830
5055,2904,6604452
459766,0,7870
396,0,1629
194,0,486
486,0,194
39155,706129,330
11038,0,52430
60,0,104
468,0,60
2787,55684,107
912,5663,720
4789,50451,978
132,0,19964
194,0,194
194,180,6936
368,186,1080
60,0,2787
62,0,392
3504,0,420
4954,0,146
194,0,39205
194,0,143
194,0,426
194,180,4523
330,0,5923
140,0,60
194,180,62
7068,0,143
453,758,60
420,0,3024
1245,32696,486
194,0,60
544,0,486
194,180,420
4829,0,66
5629,43411,120
194,0,194
1068,0,8461
9431,41867,5591
5789,71856,194
194,0,194
420,0,960
486,0,420
194,0,518
62,0,4315
66,60,194
6321,71700,11038
60,0,4829
31224,0,486
39601,690889,684516
143,0,316
6870,0,60
3024,0,194
107,0,194
426,0,2819
39205,700964,5894
392,540,24769
4517,45024,2280
60,0,78
426,0,426
426,0,31224
998,0,2520
194,180,300
39695,0,5229
194,0,39601
874,5571,194
60,0,60
912,0,11018
486,0,143
420,0,712
60,0,7068
5894,0,7068
194,180,378
222,306,140
574,1616,26062
1072,1236,66
60,0,194
194,0,66
5811,77667,194
8328,0,60
