378,6116
800,0
912,0
120,0
60,0
1188,0
4315,0
4419,0
3008,56281
60,606
4184,0
194,180
383,0
426,0
60,0
60,0
128,0
486,0
6159,76095
4732,0
194,0
712,688
194,180
194,0
2037,700971
6054,25405
194,180
194,0
3367,8017
194,0
546,0
60,0
66,60
50491,714802
4871,49858
194,0
143,0
462,763
426,0
11409266,0
7068,0
637830,2897
978,5164
4793,0
60,0
60,0
486,0
25011,0
10065,20984
420,0
66,60
1699056588,2575
194,0
5863,70843
145,341
316,246
29457,0
468,0
5591,0
194,0
60,0
3747,0
194,0
19964,91544
146,0
23354,1264
143,0
194,0
5229,46515
194,0
5423,0
194,180
194,180
194,0
757,5110
426,0
194,0
60,0
194,0
18686,0
194,0
280,0
24769,0
60,0
720,0
143,0
420,0
7870,79241
148,354
78,60
8461,39302
145,341
132,0
4697505,0
194,0
62,0
60,0
60,0
194,0
194,0
60,0
143,171
194,0
530,0
194,0
3137675,0
3634,0
194,0
712,688
60,0
26062,0
194,0
14580,8340
194,0
120,0
194,0
1080,0
276,0
104,126
8512,0
960,0
52430,0
4654,43844
194,180
518,0
534,0
9262,36001
146924,957625
78,60
3754065,0
148,354
300,0
482,0
6604452,0
220964,0
194,0
194,0
60,0
194,0
17904,80460
330,300
1437,3823
194,0
5269,1560
194,180
546,0
60,0
132,0
1629,0
60,82
194,0
194,0
552,0
143,0
194,0
140,0
486,0
7068,0
3804,0
486,0
11018,98320
4523,45041
66,60
52923,689319
60,0
206451,0
78,60
6936,0
194,0
684516,8633
486,0
7295,33795
486,0
194,0
194,0
194,0
194,0
194,0
523,774
1398,0
146,0
5963,0
5923,67550
1629,0
420,0
60,0
132,0
194,0
356,0
107,110
194,180
120,0
392,0
107,0
5307,0
222,0
194,0
194,278
2644,4787
194,0
2520,0
194,0
194,0
194,0
4557,49455
194,180
594,0
194,0
1934,3709
2280,1601
194,0
107,120
476,777
24746,0
194,0
420,0
60,0
3646,1122
2819,5994
14076,0
5055,2904
459766,0
396,0
194,0
486,0
39155,706129
11038,0
60,0
468,0
2787,55684
912,5663
4789,50451
132,0
194,0
194,180
368,186
60,0
62,0
3504,0
4954,0
194,0
194,0
194,0
194,180
330,0
140,0
194,180
7068,0
453,758
420,0
1245,32696
194,0
544,0
194,180
4829,0
5629,43411
194,0
1068,0
9431,41867
5789,71856
194,0
420,0
486,0
194,0
62,0
66,60
6321,71700
60,0
31224,0
39601,690889
143,0
6870,0
3024,0
107,0
426,0
39205,700964
392,540
4517,45024
60,0
426,0
426,0
998,0
194,180
39695,0
194,0
874,5571
60,0
912,0
486,0
420,0
60,0
5894,0
194,180
222,306
574,1616
1072,1236
60,0
194,0
5811,77667
8328,0
